# Created by Octave 3.6.4, Wed Nov 12 21:51:07 2014 Mountain Standard Time <unknown@Macimillion>
# name: FacespaceCoefficients
# type: matrix
# rows: 6
# columns: 142
 103574732.48463 31875767.742105 138419217.7349471 212662036.0801354 85224016.72568071 138964834.1658183 -199121066.0511107 78027749.64237124 11952550.66705292 -104940401.1726694 -263335264.5573905 -129530253.9164118 -161305228.918362 -172807528.5755353 -156903827.0025387 -123777542.5298969 138609131.0151143 110430534.1466787 -116534252.9253404 -105582675.7426617 137351745.9141161 283309846.8717423 1158668.573801482 109138727.878012 -121480412.755183 266285686.7716989 21735726.93155542 69269630.50610718 542156143.0067083 -132680410.3843717 179556528.3412607 -281576488.8331773 -15968157.18736182 -253383385.0586872 -66761877.20658551 362396758.2657701 173932519.7200072 185910331.237466 -123086748.7655379 44918123.43792547 -125304201.6779512 -247017771.245306 481573909.9010296 -222192967.9671695 290250856.0662878 30003981.80941086 -172217825.0430276 35916470.62999663 -169048495.1634654 -207114017.256186 -56084684.52007465 9142843.946780575 -251038906.6804106 163220971.7910324 -147254452.7952701 260269705.85857 -122745883.5471122 -72655886.55157444 -270849160.7325389 345028305.4095936 -86237626.02964726 292815492.1137295 -252307632.6862879 -150627891.1325176 -222614930.0487485 38474749.54058658 -26224694.36744715 -275521059.4539697 105123285.01927 -46062379.16952164 -169035977.1023929 -120195728.2374278 -196404480.6256943 -20922145.9205635 128542490.2161137 132377403.424961 -172510909.8659962 -173877520.6108916 223832335.6577858 -125074212.2731709 300763372.5880632 -15340910.5705636 -4396715.305835847 -211122588.6212581 -297214492.268401 -140613970.931482 153479941.2876209 191757802.6309471 -195522415.2905255 -50533964.9136015 350810011.8408672 -307878559.8127813 -306777597.4279622 -32295333.8396997 -141611589.2418853 -173617834.6938212 220654204.8491127 -19749260.93646911 22878110.21311641 382035018.3114044 -289821857.0002355 -285696310.6014099 28557282.28760315 -50412245.61857702 -267730304.255129 133406467.1164082 -187687242.7043275 22145181.86266041 264696563.5375421 161907971.3274562 -96805100.03163722 -182562574.9255762 -315431412.8622618 27562885.76327737 33488883.34659974 239356927.6442567 117972883.7622261 -29720885.45788069 11095848.31143268 185000490.2176299 159235348.6261606 -41502774.11894247 546477338.4854171 -118173750.9662589 502243551.8898445 -6011331.460968522 174423437.7414883 -243464703.288721 91138395.59446403 375333671.4935643 210347560.1111605 33662932.8732432 -231010458.9085451 -206869140.6587991 -243546252.8924691 -306483590.8248394 -39564998.09254806 -203227103.6217812 128813039.1504944 -20428254.01238794 414206007.0035669 445857549.331293
 -679143524.519959 -240790797.8440668 -299579101.4603594 -1002183576.533295 -559981119.2191273 -301233501.4263591 823686792.3035741 -204843747.6783725 -72009087.22854191 552341201.4298263 677254179.9462683 202353031.7741367 369483367.621349 673973742.2844973 562217051.9224422 360998865.8014276 -858243172.0850089 -516992011.6450617 275759125.858594 378627614.9167506 -461155513.6490031 -1204787237.006938 -190950285.813215 -334424004.7598618 242965742.8698505 -1018670164.155762 -272756779.8141261 -538406740.6881857 -1918528632.593298 416071062.7884728 -588105860.7790947 841020898.6794876 -186745707.7911536 681780393.0551686 186786466.4515479 -1179702579.140993 -672253938.069432 -763131144.8922566 460721264.6975898 -180583737.2095049 422307638.0556047 817467350.6396096 -1235056629.051941 746513078.651313 -785584885.424413 -101954947.7161777 698839996.7948217 -13870840.8202328 649681687.9415543 638201545.1310834 164654481.2208622 121494570.2508436 1027270351.07773 -522367443.3456482 469014759.8289231 -997911888.3670341 294993457.6645515 44963641.30295011 669709886.8728261 -1226492757.422361 370333733.2303833 -1027383215.762657 727050868.173095 399686935.4045095 809719658.733947 -45682663.32280736 -230412289.1970578 917885438.2347149 -280507106.5275012 53611947.18968342 320622756.4914489 453405913.2805998 721284367.0159043 127637577.3183286 -484015373.8676828 -53769006.12186516 772677918.0252451 730868242.2158191 -761717058.5032766 615888202.8097364 -1181341946.727899 359260198.1325923 -141876247.8695694 659955754.2621043 1045374584.809948 401777385.0507798 -322536564.1145048 -507804745.4469658 819440127.8810937 135347245.3825053 -1249064775.914431 1221560559.980185 1098908569.988752 275959766.8608922 686105278.8153007 706624682.904906 -739797900.4512098 383544450.2221445 127815501.6681382 -1188935664.380697 1257542864.021391 949164710.5586824 138610048.3517157 203728095.6403699 1111781792.679275 -394808184.8981407 647446218.9594829 70262377.03476173 -729135463.844058 -457060844.3233554 549505111.6426685 385995179.1964469 934822251.4421643 -384467172.5023749 -44510575.85059367 -850762428.4664943 -597249242.1328856 97017895.13155393 -8925530.24819692 -527490386.8500412 -558085696.1291928 429600069.8155805 -1684102303.139424 511520389.8154385 -1823586029.067506 240823753.0667097 -665043539.0088731 687456932.119754 -271068961.0400386 -1347402645.64086 -906829740.5646009 -43887591.09582116 931202008.5353037 890507850.4802623 869598910.5543011 994655361.8542106 378667492.8047274 630846175.032887 -543654222.4489801 32180482.82514718 -1534000507.957917 -1641079901.910925
 47697426.7963927 237346436.9452657 -74695963.66555026 88349165.44843724 -223900360.7405525 -269656993.0909501 -421371384.6241314 -40779607.64725761 -481586310.6779625 113115712.4948428 -84049259.03565398 -68840445.92647559 -8006602.056367371 61199074.30869758 -627977606.1666648 -326265969.4520447 393504338.502032 204100097.2020252 123118661.8302103 -217088286.9043555 -734506743.3380098 9853513.858500622 93023100.54316266 -753126572.4111687 -343850082.895254 -244774098.8635345 -23829195.86574416 -245841501.5241263 84211739.02486737 -103551904.7205834 -34517631.58679456 -109264370.2773949 44007463.49190064 13504942.01412876 379346151.8379115 -11267824.04315425 213635775.8220734 71793017.86704719 -129102657.8972592 311973483.7145753 -230483805.6030036 -612934.6526825061 -155508581.5926636 165886932.794896 -349063000.3360945 -293348064.4352192 54828951.59203008 17084222.39689639 66928327.81414338 -182641898.6601791 -104018718.3714671 -317613836.9462379 -300381402.0042035 170375469.8060211 42211828.39130023 366025510.0549057 82044230.32635632 100425384.1898422 -241004817.9882961 -360629769.2039125 91119368.47048311 -463162219.8921626 12752302.63711572 -646790006.6622262 -424873235.1644177 -642575631.7410065 -13729091.92998885 90320140.0894455 28321023.8527495 -88351359.30507119 139101894.6268042 1577610.233232192 116053124.740581 -389658279.4444416 -249909085.2369742 415878042.9777677 294130135.5112758 125636446.74082 140042887.5535947 -155536731.3574038 30372064.37431549 132496913.9474041 3098312.750530899 -180343132.5271084 2648480.134713523 97022893.03926483 295260742.0693803 117764355.4094255 228206637.251197 274704561.3239511 423274412.7677214 139529079.9253836 55326677.43571822 7481602.676093832 488996700.1381025 351297907.6757348 206247810.540036 -371011848.7792478 400598548.208288 467854641.5747877 278051760.9686688 87271054.80880916 16141710.6214191 11819510.33083643 125541466.1895751 11309292.35967897 130919142.6028818 193007502.465353 136893698.7946207 150969077.767219 -119444964.5998245 -43685038.05532175 -40069630.48287688 118991623.4946125 -208077072.534123 167359785.1629887 121779654.7193023 -720567720.8247433 251167775.2753424 472078851.6796316 324377629.606616 379467813.2229793 51422824.86746533 -156253683.875467 189218050.7786833 164917878.1854201 -213823723.2351202 -93411171.08622415 98847613.21190193 129422897.7590039 133091614.1234313 -116971796.74301 280207010.0112248 379184441.6929704 111117375.0765492 26250525.28352813 -109295464.5228194 110261787.6991269 79069944.76417258 -38879961.7041128 75061584.55878823 61651877.0814509
