# Created by Octave 3.6.4, Wed Nov 12 17:51:30 2014 Mountain Standard Time <unknown@Macimillion>
# name: FacespaceCoefficients
# type: matrix
# rows: 6
# columns: 142
 103574732.48463 31875767.74210497 138419217.734947 212662036.0801353 85224016.72568065 138964834.1658183 -199121066.0511107 78027749.64237122 11952550.6670529 -104940401.1726693 -263335264.5573903 -129530253.9164117 -161305228.918362 -172807528.5755352 -156903827.0025385 -123777542.5298968 138609131.0151143 110430534.1466786 -116534252.9253403 -105582675.7426617 137351745.9141162 283309846.8717423 1158668.57380149 109138727.8780119 -121480412.7551829 266285686.7716987 21735726.93155538 69269630.50610712 542156143.0067082 -132680410.3843717 179556528.3412606 -281576488.8331773 -15968157.18736181 -253383385.0586871 -66761877.20658541 362396758.26577 173932519.7200072 185910331.237466 -123086748.7655379 44918123.43792547 -125304201.6779512 -247017771.2453059 481573909.9010294 -222192967.9671695 290250856.0662875 30003981.80941087 -172217825.0430276 35916470.62999661 -169048495.1634654 -207114017.256186 -56084684.52007461 9142843.946780579 -251038906.6804105 163220971.7910324 -147254452.7952701 260269705.8585699 -122745883.5471122 -72655886.55157439 -270849160.7325387 345028305.4095933 -86237626.02964728 292815492.1137294 -252307632.6862878 -150627891.1325176 -222614930.0487484 38474749.54058656 -26224694.36744712 -275521059.4539696 105123285.01927 -46062379.16952162 -169035977.1023927 -120195728.2374278 -196404480.6256942 -20922145.92056346 128542490.2161136 132377403.424961 -172510909.8659961 -173877520.6108914 223832335.6577858 -125074212.2731708 300763372.588063 -15340910.57056365 -4396715.305835875 -211122588.6212579 -297214492.2684009 -140613970.9314819 153479941.2876209 191757802.630947 -195522415.2905254 -50533964.9136014 350810011.8408671 -307878559.8127812 -306777597.4279621 -32295333.83969969 -141611589.2418853 -173617834.6938211 220654204.8491126 -19749260.93646916 22878110.21311636 382035018.311404 -289821857.0002354 -285696310.6014097 28557282.28760308 -50412245.618577 -267730304.2551287 133406467.1164081 -187687242.7043273 22145181.86266039 264696563.537542 161907971.3274561 -96805100.03163719 -182562574.9255761 -315431412.8622617 27562885.76327739 33488883.34659971 239356927.6442565 117972883.7622261 -29720885.45788071 11095848.31143264 185000490.2176298 159235348.6261606 -41502774.1189425 546477338.4854167 -118173750.9662589 502243551.8898441 -6011331.460968511 174423437.7414882 -243464703.2887208 91138395.59446403 375333671.4935641 210347560.1111604 33662932.87324312 -231010458.9085451 -206869140.658799 -243546252.892469 -306483590.8248392 -39564998.09254797 -203227103.6217811 128813039.1504944 -20428254.01238788 414206007.0035667 445857549.3312926
 -679143524.5199592 -240790797.8440668 -299579101.4603596 -1002183576.533296 -559981119.2191277 -301233501.4263594 823686792.3035746 -204843747.6783727 -72009087.22854206 552341201.4298266 677254179.9462688 202353031.7741369 369483367.6213492 673973742.2844975 562217051.9224424 360998865.8014276 -858243172.0850092 -516992011.6450617 275759125.8585942 378627614.9167506 -461155513.6490036 -1204787237.006938 -190950285.8132151 -334424004.7598621 242965742.8698506 -1018670164.155762 -272756779.8141262 -538406740.6881857 -1918528632.593299 416071062.7884728 -588105860.7790947 841020898.6794881 -186745707.7911535 681780393.0551691 186786466.4515481 -1179702579.140994 -672253938.0694323 -763131144.892257 460721264.69759 -180583737.2095047 422307638.0556048 817467350.6396103 -1235056629.051942 746513078.6513134 -785584885.4244138 -101954947.7161776 698839996.7948222 -13870840.82023272 649681687.9415548 638201545.1310839 164654481.2208621 121494570.2508435 1027270351.077731 -522367443.3456485 469014759.8289231 -997911888.3670347 294993457.6645516 44963641.30295029 669709886.8728263 -1226492757.422362 370333733.2303841 -1027383215.762658 727050868.1730955 399686935.4045095 809719658.7339475 -45682663.32280761 -230412289.1970579 917885438.2347152 -280507106.5275012 53611947.18968342 320622756.4914491 453405913.2806 721284367.0159047 127637577.3183286 -484015373.8676833 -53769006.12186497 772677918.0252454 730868242.2158198 -761717058.5032768 615888202.8097365 -1181341946.727899 359260198.1325927 -141876247.8695695 659955754.2621048 1045374584.809949 401777385.0507799 -322536564.1145051 -507804745.4469659 819440127.8810942 135347245.3825055 -1249064775.914432 1221560559.980186 1098908569.988753 275959766.8608925 686105278.8153012 706624682.9049065 -739797900.4512105 383544450.2221445 127815501.6681382 -1188935664.380698 1257542864.021393 949164710.5586829 138610048.351716 203728095.6403699 1111781792.679275 -394808184.8981408 647446218.9594832 70262377.03476146 -729135463.8440584 -457060844.3233557 549505111.6426687 385995179.1964471 934822251.4421649 -384467172.5023745 -44510575.85059364 -850762428.4664948 -597249242.1328859 97017895.13155371 -8925530.248196855 -527490386.8500416 -558085696.129193 429600069.8155808 -1684102303.139425 511520389.8154387 -1823586029.067507 240823753.0667098 -665043539.0088736 687456932.1197543 -271068961.0400385 -1347402645.640861 -906829740.5646014 -43887591.0958212 931202008.5353046 890507850.4802628 869598910.5543015 994655361.854211 378667492.8047274 630846175.0328876 -543654222.4489805 32180482.82514717 -1534000507.957918 -1641079901.910926
